Miramar_01.swf Movie Report
----------------------------

Frame #    Frame Bytes    Total Bytes    Scene
-------    -----------    -----------    ----------------
      1         803368         803368    Home (AS 2.0 Classes Export Frame)
      2             35         803403    
      3             15         803418    
      4             16         803434    
      5             16         803450    
      6             16         803466    
      7             16         803482    
      8             16         803498    
      9             16         803514    
     10             16         803530    
     11             16         803546    
     12             59         803605    
     13             11         803616    
     14             11         803627    
     15             11         803638    
     16             11         803649    
     17             11         803660    
     18             11         803671    
     19             11         803682    
     20             11         803693    
     21             11         803704    
     22             11         803715    
     23             11         803726    
     24             11         803737    
     25             11         803748    
     26             11         803759    
     27             11         803770    
     28             11         803781    
     29             11         803792    
     30             11         803803    
     31             11         803814    
     32             11         803825    
     33             11         803836    
     34             19         803855    
     35             11         803866    
     36             11         803877    
     37             11         803888    
     38             11         803899    
     39             11         803910    
     40             11         803921    
     41             11         803932    
     42             11         803943    
     43             11         803954    
     44             11         803965    
     45             11         803976    
     46             11         803987    
     47             11         803998    
     48             11         804009    
     49             11         804020    
     50             11         804031    
     51             11         804042    
     52             11         804053    
     53             11         804064    
     54             11         804075    
     55             11         804086    
     56             11         804097    
     57             11         804108    
     58             11         804119    
     59             11         804130    
     60             11         804141    
     61             11         804152    
     62             11         804163    
     63             11         804174    
     64             11         804185    
     65             11         804196    
     66             11         804207    
     67             11         804218    
     68             11         804229    
     69             11         804240    
     70             11         804251    
     71             11         804262    
     72             11         804273    
     73             11         804284    
     74             11         804295    
     75             11         804306    
     76             11         804317    
     77             11         804328    
     78             11         804339    
     79             11         804350    
     80             11         804361    
     81             11         804372    
     82             11         804383    
     83             11         804394    
     84             11         804405    
     85             11         804416    
     86             11         804427    
     87             11         804438    
     88             11         804449    
     89             11         804460    
     90             11         804471    
     91             11         804482    
     92             11         804493    
     93             11         804504    
     94             11         804515    
     95             11         804526    
     96             11         804537    
     97             11         804548    
     98             11         804559    
     99             11         804570    
    100             11         804581    
    101             11         804592    
    102             11         804603    
    103             11         804614    
    104             11         804625    
    105             11         804636    
    106             11         804647    
    107             11         804658    
    108             11         804669    
    109             11         804680    
    110             11         804691    
    111             11         804702    
    112             11         804713    
    113             11         804724    
    114             11         804735    
    115             11         804746    
    116             11         804757    
    117             11         804768    
    118             11         804779    
    119             11         804790    
    120             11         804801    
    121             11         804812    
    122             11         804823    
    123             11         804834    
    124             11         804845    
    125             11         804856    
    126             11         804867    
    127             11         804878    
    128             11         804889    
    129             11         804900    
    130             11         804911    
    131             11         804922    
    132             11         804933    
    133             11         804944    
    134             11         804955    
    135             11         804966    
    136             11         804977    
    137             11         804988    
    138             11         804999    
    139             11         805010    
    140             11         805021    
    141             11         805032    
    142             11         805043    
    143             11         805054    
    144             11         805065    
    145             11         805076    
    146             11         805087    
    147             11         805098    
    148             11         805109    
    149             11         805120    
    150             11         805131    
    151             11         805142    
    152             11         805153    
    153             11         805164    
    154             11         805175    
    155             11         805186    
    156             11         805197    
    157             11         805208    
    158             11         805219    
    159             11         805230    
    160             11         805241    
    161             11         805252    
    162             11         805263    
    163             11         805274    
    164             11         805285    
    165             11         805296    
    166             11         805307    
    167             11         805318    
    168             11         805329    
    169             11         805340    
    170             11         805351    
    171             11         805362    
    172             11         805373    
    173             11         805384    
    174             11         805395    
    175             11         805406    
    176             11         805417    
    177             11         805428    
    178             11         805439    
    179             11         805450    
    180             11         805461    
    181             11         805472    
    182             11         805483    
    183             11         805494    
    184             11         805505    
    185             11         805516    
    186             11         805527    
    187             11         805538    
    188             11         805549    
    189             11         805560    
    190             11         805571    
    191             11         805582    
    192             11         805593    
    193             11         805604    
    194             11         805615    
    195             11         805626    
    196             11         805637    
    197             11         805648    
    198             11         805659    
    199             11         805670    
    200             16         805686    
    201             16         805702    
    202             16         805718    
    203             16         805734    
    204             16         805750    
    205             16         805766    
    206             16         805782    
    207             16         805798    
    208             16         805814    
    209             16         805830    
    210             16         805846    
    211             29         805875    
    212           3404         809279    Ship-2
    213             16         809295    
    214             15         809310    
    215             16         809326    
    216             16         809342    
    217             16         809358    
    218             16         809374    
    219             16         809390    
    220             16         809406    
    221             16         809422    
    222             16         809438    
    223             11         809449    
    224             11         809460    
    225             11         809471    
    226             11         809482    
    227             11         809493    
    228             11         809504    
    229             11         809515    
    230             11         809526    
    231             11         809537    
    232             11         809548    
    233             11         809559    
    234             11         809570    
    235             11         809581    
    236             11         809592    
    237             11         809603    
    238             11         809614    
    239             11         809625    
    240             11         809636    
    241             11         809647    
    242             11         809658    
    243             11         809669    
    244             11         809680    
    245             11         809691    
    246             11         809702    
    247             11         809713    
    248             11         809724    
    249             11         809735    
    250             11         809746    
    251             11         809757    
    252             11         809768    
    253             11         809779    
    254             11         809790    
    255             11         809801    
    256             11         809812    
    257             11         809823    
    258             11         809834    
    259             11         809845    
    260             11         809856    
    261             11         809867    
    262             11         809878    
    263             11         809889    
    264             11         809900    
    265             11         809911    
    266             11         809922    
    267             11         809933    
    268             11         809944    
    269             11         809955    
    270             11         809966    
    271             11         809977    
    272             11         809988    
    273             11         809999    
    274             11         810010    
    275             11         810021    
    276             11         810032    
    277             11         810043    
    278             11         810054    
    279             11         810065    
    280             11         810076    
    281             11         810087    
    282             11         810098    
    283             11         810109    
    284             11         810120    
    285             11         810131    
    286             11         810142    
    287             11         810153    
    288             11         810164    
    289             11         810175    
    290             11         810186    
    291             11         810197    
    292             11         810208    
    293             11         810219    
    294             11         810230    
    295             11         810241    
    296             11         810252    
    297             11         810263    
    298             11         810274    
    299             11         810285    
    300             11         810296    
    301             11         810307    
    302             11         810318    
    303             11         810329    
    304             11         810340    
    305             11         810351    
    306             11         810362    
    307             11         810373    
    308             11         810384    
    309             11         810395    
    310             11         810406    
    311             11         810417    
    312             11         810428    
    313             11         810439    
    314             11         810450    
    315             11         810461    
    316             11         810472    
    317             11         810483    
    318             11         810494    
    319             11         810505    
    320             11         810516    
    321             11         810527    
    322             11         810538    
    323             11         810549    
    324             11         810560    
    325             11         810571    
    326             11         810582    
    327             11         810593    
    328             11         810604    
    329             11         810615    
    330             11         810626    
    331             11         810637    
    332             11         810648    
    333             11         810659    
    334             11         810670    
    335             11         810681    
    336             11         810692    
    337             11         810703    
    338             11         810714    
    339             11         810725    
    340             11         810736    
    341             11         810747    
    342             11         810758    
    343             11         810769    
    344             11         810780    
    345             11         810791    
    346             11         810802    
    347             11         810813    
    348             11         810824    
    349             11         810835    
    350             11         810846    
    351             11         810857    
    352             11         810868    
    353             11         810879    
    354             11         810890    
    355             11         810901    
    356             11         810912    
    357             11         810923    
    358             11         810934    
    359             11         810945    
    360             11         810956    
    361             11         810967    
    362             11         810978    
    363             11         810989    
    364             11         811000    
    365             11         811011    
    366             11         811022    
    367             11         811033    
    368             11         811044    
    369             11         811055    
    370             11         811066    
    371             11         811077    
    372             11         811088    
    373             11         811099    
    374             11         811110    
    375             11         811121    
    376             11         811132    
    377             11         811143    
    378             11         811154    
    379             11         811165    
    380             11         811176    
    381             11         811187    
    382             11         811198    
    383             11         811209    
    384             11         811220    
    385             11         811231    
    386             11         811242    
    387             11         811253    
    388             11         811264    
    389             11         811275    
    390             11         811286    
    391             11         811297    
    392             11         811308    
    393             11         811319    
    394             11         811330    
    395             11         811341    
    396             11         811352    
    397             11         811363    
    398             11         811374    
    399             11         811385    
    400             11         811396    
    401             11         811407    
    402             11         811418    
    403             11         811429    
    404             11         811440    
    405             11         811451    
    406             11         811462    
    407             11         811473    
    408             11         811484    
    409             11         811495    
    410             11         811506    
    411             16         811522    
    412             16         811538    
    413             16         811554    
    414             16         811570    
    415             16         811586    
    416             16         811602    
    417             16         811618    
    418             16         811634    
    419             16         811650    
    420             16         811666    
    421             16         811682    
    422             36         811718    
    423           7801         819519    Friends
    424             11         819530    
    425              1         819531    
    426              1         819532    
    427              1         819533    
    428              1         819534    
    429              1         819535    
    430              1         819536    
    431              1         819537    
    432              1         819538    
    433              1         819539    
    434              1         819540    
    435              1         819541    
    436              1         819542    
    437              1         819543    
    438              1         819544    
    439              1         819545    
    440              1         819546    
    441              1         819547    
    442              1         819548    
    443              1         819549    
    444              1         819550    
    445              1         819551    
    446              1         819552    
    447              1         819553    
    448              1         819554    
    449              1         819555    
    450              1         819556    
    451              1         819557    
    452              1         819558    
    453              1         819559    
    454              1         819560    
    455              1         819561    
    456              1         819562    
    457              1         819563    
    458              1         819564    
    459              1         819565    
    460              1         819566    
    461              1         819567    
    462              1         819568    
    463              1         819569    
    464              1         819570    
    465              1         819571    
    466              1         819572    
    467              1         819573    
    468              1         819574    
    469              1         819575    
    470              1         819576    
    471              1         819577    
    472              1         819578    
    473              1         819579    
    474              1         819580    
    475              1         819581    
    476              1         819582    
    477              1         819583    
    478              1         819584    
    479              1         819585    
    480              1         819586    
    481              1         819587    
    482              1         819588    
    483              1         819589    
    484              1         819590    
    485              1         819591    
    486              1         819592    
    487              1         819593    
    488              1         819594    
    489              1         819595    
    490              1         819596    
    491              1         819597    
    492              1         819598    
    493              1         819599    
    494              1         819600    
    495              1         819601    
    496              1         819602    
    497              1         819603    
    498              1         819604    
    499              1         819605    
    500              1         819606    
    501              1         819607    
    502              1         819608    
    503              1         819609    
    504              1         819610    
    505              1         819611    
    506              1         819612    
    507              1         819613    
    508              1         819614    
    509              1         819615    
    510              1         819616    
    511              1         819617    
    512              1         819618    
    513              1         819619    
    514              1         819620    
    515              1         819621    
    516              1         819622    
    517              1         819623    
    518              1         819624    
    519              1         819625    
    520              1         819626    
    521              1         819627    
    522              1         819628    
    523              1         819629    
    524              1         819630    
    525              1         819631    
    526              1         819632    
    527              1         819633    
    528              1         819634    
    529              1         819635    
    530              1         819636    
    531              1         819637    
    532              1         819638    
    533              1         819639    
    534              1         819640    
    535              1         819641    
    536              1         819642    
    537              1         819643    
    538              1         819644    
    539              1         819645    
    540              1         819646    
    541              1         819647    
    542              1         819648    
    543              1         819649    
    544              1         819650    
    545              1         819651    
    546              1         819652    
    547              1         819653    
    548              1         819654    
    549              1         819655    
    550              1         819656    
    551              1         819657    
    552              1         819658    
    553              1         819659    
    554              1         819660    
    555              1         819661    
    556              1         819662    
    557              1         819663    
    558              1         819664    
    559              1         819665    
    560              1         819666    
    561              1         819667    
    562              1         819668    
    563              1         819669    
    564              1         819670    
    565              1         819671    
    566              1         819672    
    567              1         819673    
    568              1         819674    
    569              1         819675    
    570              1         819676    
    571              1         819677    
    572              1         819678    
    573              1         819679    
    574              1         819680    
    575              1         819681    
    576              1         819682    
    577              1         819683    
    578              1         819684    
    579              1         819685    
    580              1         819686    
    581              1         819687    
    582              1         819688    
    583              1         819689    
    584              1         819690    
    585              1         819691    
    586              1         819692    
    587              1         819693    
    588              1         819694    
    589              1         819695    
    590              1         819696    
    591              1         819697    
    592              1         819698    
    593              1         819699    
    594              1         819700    
    595              1         819701    
    596              1         819702    
    597              1         819703    
    598              1         819704    
    599              1         819705    
    600              1         819706    
    601              1         819707    
    602              1         819708    
    603              1         819709    
    604              1         819710    
    605              1         819711    
    606              1         819712    
    607              1         819713    
    608              1         819714    
    609              1         819715    
    610              1         819716    
    611              1         819717    
    612              1         819718    
    613              1         819719    
    614              1         819720    
    615              1         819721    
    616              1         819722    
    617              1         819723    
    618              1         819724    
    619              1         819725    
    620              1         819726    
    621              1         819727    
    622              1         819728    
    623              1         819729    
    624              1         819730    
    625              1         819731    
    626              1         819732    
    627              1         819733    
    628              1         819734    
    629              1         819735    
    630              1         819736    
    631              1         819737    
    632              1         819738    
    633             14         819752    
    634         459274        1279026    Contact
    635             11        1279037    
    636              1        1279038    
    637              1        1279039    
    638              1        1279040    
    639              1        1279041    
    640              1        1279042    
    641              1        1279043    
    642              1        1279044    
    643              1        1279045    
    644              1        1279046    
    645              1        1279047    
    646              1        1279048    
    647              1        1279049    
    648              1        1279050    
    649              1        1279051    
    650              1        1279052    
    651              1        1279053    
    652              1        1279054    
    653              1        1279055    
    654              1        1279056    
    655              1        1279057    
    656              1        1279058    
    657              1        1279059    
    658              1        1279060    
    659              1        1279061    
    660              1        1279062    
    661              1        1279063    
    662              1        1279064    
    663              1        1279065    
    664              1        1279066    
    665              1        1279067    
    666              1        1279068    
    667              1        1279069    
    668              1        1279070    
    669              1        1279071    
    670              1        1279072    
    671              1        1279073    
    672              1        1279074    
    673              1        1279075    
    674              1        1279076    
    675              1        1279077    
    676              1        1279078    
    677              1        1279079    
    678              1        1279080    
    679              1        1279081    
    680              1        1279082    
    681              1        1279083    
    682              1        1279084    
    683              1        1279085    
    684              1        1279086    
    685              1        1279087    
    686              1        1279088    
    687              1        1279089    
    688              1        1279090    
    689              1        1279091    
    690              1        1279092    
    691              1        1279093    
    692              1        1279094    
    693              1        1279095    
    694              1        1279096    
    695              1        1279097    
    696              1        1279098    
    697              1        1279099    
    698              1        1279100    
    699              1        1279101    
    700              1        1279102    
    701              1        1279103    
    702              1        1279104    
    703              1        1279105    
    704              1        1279106    
    705              1        1279107    
    706              1        1279108    
    707              1        1279109    
    708              1        1279110    
    709              1        1279111    
    710              1        1279112    
    711              1        1279113    
    712              1        1279114    
    713              1        1279115    
    714              1        1279116    
    715              1        1279117    
    716              1        1279118    
    717              1        1279119    
    718              1        1279120    
    719              1        1279121    
    720              1        1279122    
    721              1        1279123    
    722              1        1279124    
    723              1        1279125    
    724              1        1279126    
    725              1        1279127    
    726              1        1279128    
    727              1        1279129    
    728              1        1279130    
    729              1        1279131    
    730              1        1279132    
    731              1        1279133    
    732              1        1279134    
    733              1        1279135    
    734              1        1279136    
    735              1        1279137    
    736              1        1279138    
    737              1        1279139    
    738              1        1279140    
    739              1        1279141    
    740              1        1279142    
    741              1        1279143    
    742              1        1279144    
    743              1        1279145    
    744              1        1279146    
    745              1        1279147    
    746              1        1279148    
    747              1        1279149    
    748              1        1279150    
    749              1        1279151    
    750              1        1279152    
    751              1        1279153    
    752              1        1279154    
    753              1        1279155    
    754              1        1279156    
    755              1        1279157    
    756              1        1279158    
    757              1        1279159    
    758              1        1279160    
    759              1        1279161    
    760              1        1279162    
    761              1        1279163    
    762              1        1279164    
    763              1        1279165    
    764              1        1279166    
    765              1        1279167    
    766              1        1279168    
    767              1        1279169    
    768              1        1279170    
    769              1        1279171    
    770              1        1279172    
    771              1        1279173    
    772              1        1279174    
    773              1        1279175    
    774              1        1279176    
    775              1        1279177    
    776              1        1279178    
    777              1        1279179    
    778              1        1279180    
    779              1        1279181    
    780              1        1279182    
    781              1        1279183    
    782              1        1279184    
    783              1        1279185    
    784              1        1279186    
    785              1        1279187    
    786              1        1279188    
    787              1        1279189    
    788              1        1279190    
    789              1        1279191    
    790              1        1279192    
    791              1        1279193    
    792              1        1279194    
    793              1        1279195    
    794              1        1279196    
    795              1        1279197    
    796              1        1279198    
    797              1        1279199    
    798              1        1279200    
    799              1        1279201    
    800              1        1279202    
    801              1        1279203    
    802              1        1279204    
    803              1        1279205    
    804              1        1279206    
    805              1        1279207    
    806              1        1279208    
    807              1        1279209    
    808              1        1279210    
    809              1        1279211    
    810              1        1279212    
    811              1        1279213    
    812              1        1279214    
    813              1        1279215    
    814              1        1279216    
    815              1        1279217    
    816              1        1279218    
    817              1        1279219    
    818              1        1279220    
    819              1        1279221    
    820              1        1279222    
    821              1        1279223    
    822              1        1279224    
    823              1        1279225    
    824              1        1279226    
    825              1        1279227    
    826              1        1279228    
    827              1        1279229    
    828              1        1279230    
    829              1        1279231    
    830              1        1279232    
    831              1        1279233    
    832              1        1279234    
    833              1        1279235    
    834              1        1279236    
    835              1        1279237    
    836              1        1279238    
    837              1        1279239    
    838              1        1279240    
    839              1        1279241    
    840              1        1279242    
    841              1        1279243    
    842              1        1279244    
    843              1        1279245    
    844             14        1279259    
    845          85737        1364996    VIP
    846             11        1365007    
    847              1        1365008    
    848              1        1365009    
    849              1        1365010    
    850              1        1365011    
    851              1        1365012    
    852              1        1365013    
    853              1        1365014    
    854              1        1365015    
    855              1        1365016    
    856              1        1365017    
    857              1        1365018    
    858              1        1365019    
    859              1        1365020    
    860              1        1365021    
    861              1        1365022    
    862              1        1365023    
    863              1        1365024    
    864              1        1365025    
    865              1        1365026    
    866              1        1365027    
    867              1        1365028    
    868              1        1365029    
    869              1        1365030    
    870              1        1365031    
    871              1        1365032    
    872              1        1365033    
    873              1        1365034    
    874              1        1365035    
    875              1        1365036    
    876              1        1365037    
    877              1        1365038    
    878              1        1365039    
    879              1        1365040    
    880              1        1365041    
    881              1        1365042    
    882              1        1365043    
    883              1        1365044    
    884              1        1365045    
    885              1        1365046    
    886              1        1365047    
    887              1        1365048    
    888              1        1365049    
    889              1        1365050    
    890              1        1365051    
    891              1        1365052    
    892              1        1365053    
    893              1        1365054    
    894              1        1365055    
    895              1        1365056    
    896              1        1365057    
    897              1        1365058    
    898              1        1365059    
    899              1        1365060    
    900              1        1365061    
    901              1        1365062    
    902              1        1365063    
    903              1        1365064    
    904              1        1365065    
    905              1        1365066    
    906              1        1365067    
    907              1        1365068    
    908              1        1365069    
    909              1        1365070    
    910              1        1365071    
    911              1        1365072    
    912              1        1365073    
    913              1        1365074    
    914              1        1365075    
    915              1        1365076    
    916              1        1365077    
    917              1        1365078    
    918              1        1365079    
    919              1        1365080    
    920              1        1365081    
    921              1        1365082    
    922              1        1365083    
    923              1        1365084    
    924              1        1365085    
    925              1        1365086    
    926              1        1365087    
    927              1        1365088    
    928              1        1365089    
    929              1        1365090    
    930              1        1365091    
    931              1        1365092    
    932              1        1365093    
    933              1        1365094    
    934              1        1365095    
    935              1        1365096    
    936              1        1365097    
    937              1        1365098    
    938              1        1365099    
    939              1        1365100    
    940              1        1365101    
    941              1        1365102    
    942              1        1365103    
    943              1        1365104    
    944              1        1365105    
    945              1        1365106    
    946              1        1365107    
    947              1        1365108    
    948              1        1365109    
    949              1        1365110    
    950              1        1365111    
    951              1        1365112    
    952              1        1365113    
    953              1        1365114    
    954              1        1365115    
    955              1        1365116    
    956              1        1365117    
    957              1        1365118    
    958              1        1365119    
    959              1        1365120    
    960              1        1365121    
    961              1        1365122    
    962              1        1365123    
    963              1        1365124    
    964              1        1365125    
    965              1        1365126    
    966              1        1365127    
    967              1        1365128    
    968              1        1365129    
    969              1        1365130    
    970              1        1365131    
    971              1        1365132    
    972              1        1365133    
    973              1        1365134    
    974              1        1365135    
    975              1        1365136    
    976              1        1365137    
    977              1        1365138    
    978              1        1365139    
    979              1        1365140    
    980              1        1365141    
    981              1        1365142    
    982              1        1365143    
    983              1        1365144    
    984              1        1365145    
    985              1        1365146    
    986              1        1365147    
    987              1        1365148    
    988              1        1365149    
    989              1        1365150    
    990              1        1365151    
    991              1        1365152    
    992              1        1365153    
    993              1        1365154    
    994              1        1365155    
    995              1        1365156    
    996              1        1365157    
    997              1        1365158    
    998              1        1365159    
    999              1        1365160    
   1000              1        1365161    
   1001              1        1365162    
   1002              1        1365163    
   1003              1        1365164    
   1004              1        1365165    
   1005              1        1365166    
   1006              1        1365167    
   1007              1        1365168    
   1008              1        1365169    
   1009              1        1365170    
   1010              1        1365171    
   1011              1        1365172    
   1012              1        1365173    
   1013              1        1365174    
   1014              1        1365175    
   1015              1        1365176    
   1016              1        1365177    
   1017              1        1365178    
   1018              1        1365179    
   1019              1        1365180    
   1020              1        1365181    
   1021              1        1365182    
   1022              1        1365183    
   1023              1        1365184    
   1024              1        1365185    
   1025              1        1365186    
   1026              1        1365187    
   1027              1        1365188    
   1028              1        1365189    
   1029              1        1365190    
   1030              1        1365191    
   1031              1        1365192    
   1032              1        1365193    
   1033              1        1365194    
   1034              1        1365195    
   1035              1        1365196    
   1036              1        1365197    
   1037              1        1365198    
   1038              1        1365199    
   1039              1        1365200    
   1040              1        1365201    
   1041              1        1365202    
   1042              1        1365203    
   1043              1        1365204    
   1044              1        1365205    
   1045              1        1365206    
   1046              1        1365207    
   1047              1        1365208    
   1048              1        1365209    
   1049              1        1365210    
   1050              1        1365211    
   1051              1        1365212    
   1052              1        1365213    
   1053              1        1365214    
   1054              1        1365215    
   1055             14        1365229    

Scene                        Shape Bytes    Text Bytes    ActionScript Bytes
-------------------------    -----------    ----------    ------------------
Home                                   0            59                   465
Ship-2                                 0            53                   289
Friends                                0             0                   271
Contact                               58          1987                   308
VIP                                  102            59                   307

Symbol                       Shape Bytes    Text Bytes    ActionScript Bytes
-------------------------    -----------    ----------    ------------------
Mc-alpha BG                           39             0                     0
Symbol 6                               0             0                     0
Btn Fourum 2                          63           296                     0
Btn Fourum 3                           0           225                     0
Btn VIP request                       56           323                     0
Btn-Q-33                              59            52                     0
Btn-Vevhall                           42            54                     0
Symbol 5                               0             0                     0
Symbol 4                               0             0                     0
Symbol 3                               0             0                     0
Symbol 2                               0             0                     0
Symbol 1                               0             0                     0
Union Scene                            0             0                     0
Colonial Scene                         0             0                     0
btnBack                                0           159                     0
btnNext                                0           162                     0
mcGallery                            133             0                    34
mcUnion txt                            0          1553                     0
mcColonial txt                         0          1737                     0
mcAlpha txt                            0             0                     0
mcContact txt                          0           694                     0
mcVIP txt                             57          1339                     0
btn VIP                                0           240                     0
btn Forum                              0           216                     0
btnDevBlog                             0            78                     0
btnGallery                            56           189                     0
btnContact                            56           189                     0
btnback2main                           0             0                     0
mcflair                              188             0                     0
mcVexhallwflair                        0             0                     0
Q33wflair copy                         0             0                     0
Tween 13                               0             0                     0
Tween 14                               0             0                     0
Tween 2                                0             0                     0
Tween 3                                0             0                     0
streak1                                0             0                     0
Q33                                    0             0                     0
mcBGflash                              0             0                     0
mcBGturn                               0             0                     0
Tween 1                              100             0                     0
btnFringeLogo                          0             0                     0
Tween 16                               0             0                     0
Tween 17                               0             0                     0
mcAlphaBanner_01                       0             0                     0
mcFringeLogo                        1903             0                     0

Font Name                 Bytes        Characters    
----------------------    ---------    --------------
Arial Black Bold               7060     -./:@ADEGJLMRSTacdefghijklmnoprstuvy
BN Elements Bold  56 pts        958    ELacegln
BN Elements Bold  12 pts        656     -4AFVaehlx
Babylon5 Hollow Bold  36 pts     5319     -34AEFILMNOQRSTVaceghlnx
Babylon5 Hollow Bold          18747     BDFINPRVacegikmnoqrstux
Arial Bold                     5389     ",-.034ACDFGIMNOPQRSTUVWYabcdefghiklmnopqrstuvwxyz

ActionScript Bytes    Location
------------------    --------
                 1    Home:actions:1
                 0    Home:buttons:1
                24    Home:Logo:1:No instance name assigned(mcFringeLogo)
               116    Home:buttons:1:No instance name assigned(btnGallery)
                10    Home:buttons:1:No instance name assigned(btnContact)
                45    Home:buttons:1:No instance name assigned(btnGallery)
                10    Home:buttons:1:No instance name assigned(btnDevBlog)
                44    Home:buttons:1:No instance name assigned(btn Forum)
                10    Home:buttons:1:No instance name assigned(btn VIP)
                10    Home:Vexhall:1:No instance name assigned(Btn-Vevhall)
                69    Home:Gallery:1:No instance name assigned(Symbol 5)
                59    Home:Gallery:1:No instance name assigned(Symbol 4)
                61    Home:Gallery:1:No instance name assigned(Symbol 3)
                 1    mcGallery:Actions:1
                 9    mcGallery:controls:1:No instance name assigned(btnBack)
                 5    mcGallery:controls:1:No instance name assigned(btnNext)
                 5    mcGallery:controls:2:No instance name assigned(btnBack)
                 5    mcGallery:controls:5:No instance name assigned(btnBack)
                 9    mcGallery:controls:5:No instance name assigned(btnNext)
                 6    Home:actions:211
                 1    Ship-2:actions:1
                 0    Ship-2:buttons:1
                24    Ship-2:Logo:1:No instance name assigned(mcFringeLogo)
                59    Ship-2:buttons:1:No instance name assigned(btnGallery)
                10    Ship-2:Vexhall:1:No instance name assigned(Btn-Q-33)
                69    Ship-2:Gallery:1:No instance name assigned(Symbol 5)
                59    Ship-2:Gallery:1:No instance name assigned(Symbol 4)
                61    Ship-2:Gallery:1:No instance name assigned(Symbol 3)
                 6    Ship-2:actions:211
                 1    Friends:actions:1
                 0    Friends:buttons:1
                 0    Friends:q-33 button:1
                24    Friends:Logo:1:No instance name assigned(mcFringeLogo)
                69    Friends:Gallery:1:No instance name assigned(Symbol 5)
                59    Friends:Gallery:1:No instance name assigned(Symbol 4)
                61    Friends:Gallery:1:No instance name assigned(Symbol 3)
                51    Friends:Colonial Txt:1:No instance name assigned(Symbol 6)
                 6    Friends:actions:211
                 1    Contact:actions:1
                 0    Contact:buttons:1
                24    Contact:Logo:1:No instance name assigned(mcFringeLogo)
                44    Contact:buttons:1:No instance name assigned(btn Forum)
                69    Contact:Gallery:1:No instance name assigned(Symbol 5)
                59    Contact:Gallery:1:No instance name assigned(Symbol 4)
                61    Contact:Gallery:1:No instance name assigned(Symbol 3)
                44    Contact:Colonial Txt:1:No instance name assigned(Btn Fourum 3)
                 6    Contact:actions:211
                 1    VIP:actions:1
                24    VIP:Logo:1:No instance name assigned(mcFringeLogo)
                44    VIP:buttons:1:No instance name assigned(Btn Fourum 2)
                43    VIP:buttons:1:No instance name assigned(Btn VIP request)
                69    VIP:Gallery:1:No instance name assigned(Symbol 5)
                59    VIP:Gallery:1:No instance name assigned(Symbol 4)
                61    VIP:Gallery:1:No instance name assigned(Symbol 3)
                 6    VIP:actions:211

Bitmap                     Compressed    Compression
-----------------------    ----------  --------  -----------
redorangeflair.bmp             71439     7840000   JPEG Quality=80
powered.jpg                    25915      145200   Imported JPEG=102
q-33_01.tga                    21798     1024200   JPEG Quality=80
Vexhall_01.tga                 31230     1121280   JPEG Quality=80
OSG.jpg copy                   25016      199600   Imported JPEG=102
RakNet.jpg                     21474      129200   Imported JPEG=102
fmod.jpg                       25471      123600   Imported JPEG=102
gallery05.jpg                  53487      306600   Imported JPEG=102
gallery02.jpg                  38905      306600   Imported JPEG=102
gallery03.jpg                  46459      306600   Imported JPEG=102
gallery04.jpg                  46502      306600   Imported JPEG=102
gallery01.jpg                  39059      306600   Imported JPEG=102
Blank.jpg                     310012     2656000   Imported JPEG=102
Bitmap 51                       7092      112320   JPEG Quality=80
100_1150.JPG                  448051     7680000   Imported JPEG=102
VIP-01.jpg                     82901      610000   Imported JPEG=102




