HappyFlash.swf Movie Report
----------------------------

Metadata
--------
Bytes    Value
-----    -----
  268    <rdf:RDF xmlns:rdf="http://www.w3.org/1999/02/22-rdf-syntax-ns#"><rdf:Description rdf:about="" xmlns:dc="http://purl.org/dc/1.1/"><dc:title>Happy's Flea Market </dc:title><dc:description>Happy's flea market in roanoke VA</dc:description></rdf:Description></rdf:RDF>

Frame #    Frame Bytes    Total Bytes    Scene
-------    -----------    -----------    ----------------
      1          31464          31464    Main Intro (AS 2.0 Classes Export Frame)
      2             11          31475    
      3             11          31486    
      4             11          31497    
      5             11          31508    
      6             11          31519    
      7             11          31530    
      8             11          31541    
      9             11          31552    
     10             11          31563    
     11             11          31574    
     12            103          31677    
     13             25          31702    
     14             26          31728    
     15             26          31754    
     16             11          31765    
     17             11          31776    
     18            107          31883    
     19             25          31908    
     20             26          31934    
     21             26          31960    
     22             26          31986    
     23             26          32012    
     24             26          32038    
     25             25          32063    
     26             24          32087    
     27             11          32098    
     28             15          32113    
     29             11          32124    
     30             11          32135    
     31          15181          47316    
     32             29          47345    
     33             29          47374    
     34             30          47404    
     35          13968          61372    
     36             48          61420    
     37             54          61474    
     38             55          61529    
     39             55          61584    
     40             49          61633    
     41          41444         103077    
     42             40         103117    
     43             40         103157    
     44             41         103198    
     45             20         103218    
     46          13691         116909    
     47             27         116936    
     48             17         116953    
     49             17         116970    
     50             17         116987    
     51             17         117004    
     52              1         117005    
     53             12         117017    
     54             11         117028    
     55             11         117039    
     56             11         117050    
     57             11         117061    
     58             11         117072    
     59             11         117083    
     60             11         117094    
     61             11         117105    
     62             11         117116    
     63             11         117127    
     64             11         117138    
     65             11         117149    
     66             11         117160    
     67             11         117171    
     68             11         117182    
     69             11         117193    
     70             11         117204    
     71            129         117333    
     72         527474         644807    
     73             74         644881    
     74             74         644955    
     75             75         645030    
     76             69         645099    
     77             66         645165    
     78             67         645232    
     79             57         645289    
     80             48         645337    
     81             44         645381    
     82          21858         667239    
     83          10799         678038    
     84             38         678076    
     85             38         678114    
     86             38         678152    
     87             28         678180    
     88          21914         700094    
     89             35         700129    
     90             35         700164    
     91             35         700199    
     92             36         700235    
     93             36         700271    
     94             35         700306    
     95             35         700341    
     96             35         700376    
     97             26         700402    
     98             35         700437    
     99             36         700473    
    100             35         700508    
    101             32         700540    
    102             35         700575    
    103             36         700611    
    104             36         700647    
    105             26         700673    
    106             36         700709    
    107             36         700745    
    108             36         700781    
    109             36         700817    
    110             35         700852    
    111             35         700887    
    112             36         700923    
    113             36         700959    
    114             36         700995    
    115             36         701031    
    116             35         701066    
    117             21         701087    
    118           5304         706391    
    119              1         706392    
    120              1         706393    
    121              1         706394    
    122              1         706395    
    123           2995         709390    
    124              8         709398    
    125              8         709406    
    126              8         709414    
    127              1         709415    
    128              1         709416    
    129              1         709417    
    130              1         709418    
    131              1         709419    
    132              1         709420    
    133              1         709421    
    134              1         709422    
    135              1         709423    
    136              1         709424    
    137              1         709425    
    138              1         709426    
    139              1         709427    
    140              1         709428    
    141              1         709429    
    142           5257         714686    
    143              1         714687    
    144              1         714688    
    145              1         714689    
    146              1         714690    
    147              1         714691    
    148              1         714692    
    149              1         714693    
    150              1         714694    
    151              1         714695    
    152              8         714703    
    153              1         714704    
    154              1         714705    
    155              1         714706    
    156              1         714707    
    157              1         714708    
    158              1         714709    
    159              1         714710    
    160              1         714711    
    161              1         714712    
    162              1         714713    
    163              1         714714    
    164              1         714715    
    165              1         714716    
    166              1         714717    
    167              1         714718    
    168              1         714719    
    169              1         714720    
    170            154         714874    
    171            444         715318    Home
    172             35         715353    
    173             35         715388    
    174             35         715423    
    175             35         715458    
    176             35         715493    
    177             36         715529    
    178             37         715566    
    179             37         715603    
    180             37         715640    
    181             37         715677    
    182             37         715714    
    183             32         715746    
    184             16         715762    
    185             41         715803    
    186              1         715804    
    187              1         715805    
    188              1         715806    
    189             17         715823    
    190              1         715824    
    191              1         715825    
    192              1         715826    
    193              1         715827    
    194              1         715828    
    195              1         715829    
    196              1         715830    
    197              1         715831    
    198              1         715832    
    199              1         715833    
    200              1         715834    
    201              1         715835    
    202              1         715836    
    203              1         715837    
    204              1         715838    
    205              1         715839    
    206              1         715840    
    207              1         715841    
    208              1         715842    
    209              1         715843    
    210              1         715844    
    211              1         715845    
    212              1         715846    
    213              1         715847    
    214              1         715848    
    215              1         715849    
    216              1         715850    
    217              1         715851    
    218              1         715852    
    219              1         715853    
    220              1         715854    
    221              1         715855    
    222              1         715856    
    223              8         715864    
    224              8         715872    
    225              8         715880    
    226              8         715888    
    227              1         715889    
    228              1         715890    
    229              1         715891    
    230              1         715892    
    231              1         715893    
    232              1         715894    
    233              1         715895    
    234              1         715896    
    235              1         715897    
    236              1         715898    
    237              1         715899    
    238              1         715900    
    239              1         715901    
    240              1         715902    
    241              1         715903    
    242              1         715904    
    243              8         715912    
    244              1         715913    
    245              1         715914    
    246              1         715915    
    247              1         715916    
    248              1         715917    
    249              8         715925    
    250              1         715926    
    251              1         715927    
    252           5541         721468    
    253              1         721469    
    254              1         721470    
    255              1         721471    
    256              1         721472    
    257              1         721473    
    258              1         721474    
    259              1         721475    
    260              1         721476    
    261              1         721477    
    262              1         721478    
    263              1         721479    
    264              1         721480    
    265              1         721481    
    266              1         721482    
    267              1         721483    
    268              1         721484    
    269             14         721498    
    270             82         721580    
    271        6364406        7085986    Outside
    272              1        7085987    
    273              1        7085988    
    274              1        7085989    
    275              8        7085997    
    276              8        7086005    
    277              8        7086013    
    278              8        7086021    
    279              1        7086022    
    280              1        7086023    
    281              1        7086024    
    282              1        7086025    
    283              1        7086026    
    284              1        7086027    
    285              1        7086028    
    286              1        7086029    
    287              1        7086030    
    288              1        7086031    
    289              1        7086032    
    290              1        7086033    
    291              1        7086034    
    292              1        7086035    
    293              1        7086036    
    294              8        7086044    
    295              1        7086045    
    296              1        7086046    
    297              1        7086047    
    298              1        7086048    
    299              1        7086049    
    300              1        7086050    
    301              1        7086051    
    302              1        7086052    
    303              1        7086053    
    304              8        7086061    
    305              1        7086062    
    306              1        7086063    
    307              1        7086064    
    308              1        7086065    
    309              1        7086066    
    310              1        7086067    
    311              1        7086068    
    312              1        7086069    
    313              1        7086070    
    314              1        7086071    
    315              1        7086072    
    316              1        7086073    
    317              1        7086074    
    318              1        7086075    
    319              1        7086076    
    320              1        7086077    
    321              1        7086078    
    322              1        7086079    
    323              1        7086080    
    324              1        7086081    
    325              1        7086082    
    326              1        7086083    
    327              1        7086084    
    328              1        7086085    
    329              1        7086086    
    330              1        7086087    
    331              1        7086088    
    332              1        7086089    
    333              1        7086090    
    334              1        7086091    
    335              1        7086092    
    336              1        7086093    
    337              1        7086094    
    338              1        7086095    
    339              1        7086096    
    340              1        7086097    
    341              1        7086098    
    342              1        7086099    
    343              1        7086100    
    344              1        7086101    
    345              1        7086102    
    346              1        7086103    
    347              1        7086104    
    348              1        7086105    
    349              1        7086106    
    350              1        7086107    
    351              1        7086108    
    352              1        7086109    
    353              1        7086110    
    354              1        7086111    
    355              1        7086112    
    356              1        7086113    
    357              1        7086114    
    358              1        7086115    
    359              1        7086116    
    360              1        7086117    
    361              1        7086118    
    362              1        7086119    
    363              1        7086120    
    364              1        7086121    
    365              1        7086122    
    366              1        7086123    
    367              1        7086124    
    368              1        7086125    
    369             14        7086139    
    370             72        7086211    
    371           1663        7087874    Hours
    372              1        7087875    
    373              1        7087876    
    374              1        7087877    
    375              8        7087885    
    376              8        7087893    
    377              8        7087901    
    378              8        7087909    
    379              1        7087910    
    380              1        7087911    
    381              1        7087912    
    382              1        7087913    
    383              1        7087914    
    384              1        7087915    
    385              1        7087916    
    386              1        7087917    
    387              1        7087918    
    388              1        7087919    
    389              1        7087920    
    390              1        7087921    
    391              1        7087922    
    392              1        7087923    
    393              1        7087924    
    394              8        7087932    
    395              1        7087933    
    396              1        7087934    
    397              1        7087935    
    398              1        7087936    
    399              1        7087937    
    400              1        7087938    
    401              1        7087939    
    402              1        7087940    
    403              1        7087941    
    404              8        7087949    
    405              1        7087950    
    406              1        7087951    
    407              1        7087952    
    408              1        7087953    
    409              1        7087954    
    410              1        7087955    
    411              1        7087956    
    412              1        7087957    
    413              1        7087958    
    414              1        7087959    
    415              1        7087960    
    416              1        7087961    
    417              1        7087962    
    418              1        7087963    
    419              1        7087964    
    420              1        7087965    
    421              1        7087966    
    422              1        7087967    
    423              1        7087968    
    424              1        7087969    
    425              1        7087970    
    426              1        7087971    
    427              1        7087972    
    428              1        7087973    
    429              1        7087974    
    430              1        7087975    
    431              1        7087976    
    432              1        7087977    
    433              1        7087978    
    434              1        7087979    
    435              1        7087980    
    436              1        7087981    
    437              1        7087982    
    438              1        7087983    
    439              1        7087984    
    440              1        7087985    
    441              1        7087986    
    442              1        7087987    
    443              1        7087988    
    444              1        7087989    
    445              1        7087990    
    446              1        7087991    
    447              1        7087992    
    448              1        7087993    
    449              1        7087994    
    450              1        7087995    
    451              1        7087996    
    452              1        7087997    
    453              1        7087998    
    454              1        7087999    
    455              1        7088000    
    456              1        7088001    
    457              1        7088002    
    458              1        7088003    
    459              1        7088004    
    460              1        7088005    
    461              1        7088006    
    462              1        7088007    
    463              1        7088008    
    464              1        7088009    
    465              1        7088010    
    466              1        7088011    
    467              1        7088012    
    468              1        7088013    
    469             14        7088027    
    470             72        7088099    
    471          11413        7099512    About
    472              1        7099513    
    473              1        7099514    
    474              1        7099515    
    475              8        7099523    
    476              8        7099531    
    477              8        7099539    
    478              8        7099547    
    479              1        7099548    
    480              1        7099549    
    481              1        7099550    
    482              1        7099551    
    483              1        7099552    
    484              1        7099553    
    485              1        7099554    
    486              1        7099555    
    487              1        7099556    
    488              1        7099557    
    489              1        7099558    
    490              1        7099559    
    491              1        7099560    
    492              1        7099561    
    493              1        7099562    
    494              8        7099570    
    495              1        7099571    
    496              1        7099572    
    497              1        7099573    
    498              1        7099574    
    499              1        7099575    
    500              1        7099576    
    501              1        7099577    
    502              1        7099578    
    503              1        7099579    
    504              8        7099587    
    505              1        7099588    
    506              1        7099589    
    507              1        7099590    
    508              1        7099591    
    509              1        7099592    
    510              1        7099593    
    511              1        7099594    
    512              1        7099595    
    513              1        7099596    
    514              1        7099597    
    515              1        7099598    
    516              1        7099599    
    517              1        7099600    
    518              1        7099601    
    519              1        7099602    
    520              1        7099603    
    521              1        7099604    
    522              1        7099605    
    523              1        7099606    
    524              1        7099607    
    525              1        7099608    
    526              1        7099609    
    527              1        7099610    
    528              1        7099611    
    529              1        7099612    
    530              1        7099613    
    531              1        7099614    
    532              1        7099615    
    533              1        7099616    
    534              1        7099617    
    535              1        7099618    
    536              1        7099619    
    537              1        7099620    
    538              1        7099621    
    539              1        7099622    
    540              1        7099623    
    541              1        7099624    
    542              1        7099625    
    543              1        7099626    
    544              1        7099627    
    545              1        7099628    
    546              1        7099629    
    547              1        7099630    
    548              1        7099631    
    549              1        7099632    
    550              1        7099633    
    551              1        7099634    
    552              1        7099635    
    553              1        7099636    
    554              1        7099637    
    555              1        7099638    
    556              1        7099639    
    557              1        7099640    
    558              1        7099641    
    559              1        7099642    
    560              1        7099643    
    561              1        7099644    
    562              1        7099645    
    563              1        7099646    
    564              1        7099647    
    565              1        7099648    
    566              1        7099649    
    567              1        7099650    
    568              1        7099651    
    569             14        7099665    
    570            106        7099771    
    571           1671        7101442    Vendors
    572              1        7101443    
    573              1        7101444    
    574              1        7101445    
    575              8        7101453    
    576              8        7101461    
    577              8        7101469    
    578              8        7101477    
    579              1        7101478    
    580              1        7101479    
    581              1        7101480    
    582              1        7101481    
    583              1        7101482    
    584              1        7101483    
    585              1        7101484    
    586              1        7101485    
    587              1        7101486    
    588              1        7101487    
    589              1        7101488    
    590              1        7101489    
    591              1        7101490    
    592              1        7101491    
    593              1        7101492    
    594              8        7101500    
    595              1        7101501    
    596              1        7101502    
    597              1        7101503    
    598              1        7101504    
    599              1        7101505    
    600              1        7101506    
    601              1        7101507    
    602              1        7101508    
    603              1        7101509    
    604              8        7101517    
    605              1        7101518    
    606              1        7101519    
    607              1        7101520    
    608              1        7101521    
    609              1        7101522    
    610              1        7101523    
    611              1        7101524    
    612              1        7101525    
    613              1        7101526    
    614              1        7101527    
    615              1        7101528    
    616              1        7101529    
    617              1        7101530    
    618              1        7101531    
    619              1        7101532    
    620              1        7101533    
    621              1        7101534    
    622              1        7101535    
    623              1        7101536    
    624              1        7101537    
    625              1        7101538    
    626              1        7101539    
    627              1        7101540    
    628              1        7101541    
    629              1        7101542    
    630              1        7101543    
    631              1        7101544    
    632              1        7101545    
    633              1        7101546    
    634              1        7101547    
    635              1        7101548    
    636              1        7101549    
    637              1        7101550    
    638              1        7101551    
    639              1        7101552    
    640              1        7101553    
    641              1        7101554    
    642              1        7101555    
    643              1        7101556    
    644              1        7101557    
    645              1        7101558    
    646              1        7101559    
    647              1        7101560    
    648              1        7101561    
    649              1        7101562    
    650              1        7101563    
    651              1        7101564    
    652              1        7101565    
    653              1        7101566    
    654              1        7101567    
    655              1        7101568    
    656              1        7101569    
    657              1        7101570    
    658              1        7101571    
    659              1        7101572    
    660              1        7101573    
    661              1        7101574    
    662              1        7101575    
    663              1        7101576    
    664              1        7101577    
    665              1        7101578    
    666              1        7101579    
    667              1        7101580    
    668              1        7101581    
    669             14        7101595    
    670            102        7101697    
    671            787        7102484    Contact
    672              1        7102485    
    673              1        7102486    
    674              1        7102487    
    675              8        7102495    
    676              8        7102503    
    677              8        7102511    
    678              8        7102519    
    679              1        7102520    
    680              1        7102521    
    681              1        7102522    
    682              1        7102523    
    683              1        7102524    
    684              1        7102525    
    685              1        7102526    
    686              1        7102527    
    687              1        7102528    
    688              1        7102529    
    689              1        7102530    
    690              1        7102531    
    691              1        7102532    
    692              1        7102533    
    693              1        7102534    
    694              8        7102542    
    695              1        7102543    
    696              1        7102544    
    697              1        7102545    
    698              1        7102546    
    699              1        7102547    
    700              1        7102548    
    701              1        7102549    
    702              1        7102550    
    703              1        7102551    
    704              8        7102559    
    705              1        7102560    
    706              1        7102561    
    707              1        7102562    
    708              1        7102563    
    709              1        7102564    
    710              1        7102565    
    711              1        7102566    
    712              1        7102567    
    713              1        7102568    
    714              1        7102569    
    715              1        7102570    
    716              1        7102571    
    717              1        7102572    
    718              1        7102573    
    719              1        7102574    
    720              1        7102575    
    721              1        7102576    
    722              1        7102577    
    723              1        7102578    
    724              1        7102579    
    725              1        7102580    
    726              1        7102581    
    727              1        7102582    
    728              1        7102583    
    729              1        7102584    
    730              1        7102585    
    731              1        7102586    
    732              1        7102587    
    733              1        7102588    
    734              1        7102589    
    735              1        7102590    
    736              1        7102591    
    737              1        7102592    
    738              1        7102593    
    739              1        7102594    
    740              1        7102595    
    741              1        7102596    
    742              1        7102597    
    743              1        7102598    
    744              1        7102599    
    745              1        7102600    
    746              1        7102601    
    747              1        7102602    
    748              1        7102603    
    749              1        7102604    
    750              1        7102605    
    751              1        7102606    
    752              1        7102607    
    753              1        7102608    
    754              1        7102609    
    755              1        7102610    
    756              1        7102611    
    757              1        7102612    
    758              1        7102613    
    759              1        7102614    
    760              1        7102615    
    761              1        7102616    
    762              1        7102617    
    763              1        7102618    
    764              1        7102619    
    765              1        7102620    
    766              1        7102621    
    767              1        7102622    
    768              1        7102623    
    769             14        7102637    
    770            110        7102747    
    771           1897        7104644    Directions
    772              1        7104645    
    773              1        7104646    
    774              1        7104647    
    775              8        7104655    
    776              8        7104663    
    777              8        7104671    
    778              8        7104679    
    779              1        7104680    
    780              1        7104681    
    781              1        7104682    
    782              1        7104683    
    783              1        7104684    
    784              1        7104685    
    785              1        7104686    
    786              1        7104687    
    787              1        7104688    
    788              1        7104689    
    789              1        7104690    
    790              1        7104691    
    791              1        7104692    
    792              1        7104693    
    793              1        7104694    
    794              8        7104702    
    795              1        7104703    
    796              1        7104704    
    797              1        7104705    
    798              1        7104706    
    799              1        7104707    
    800              1        7104708    
    801              1        7104709    
    802              1        7104710    
    803              1        7104711    
    804              8        7104719    
    805              1        7104720    
    806              1        7104721    
    807              1        7104722    
    808              1        7104723    
    809              1        7104724    
    810              1        7104725    
    811              1        7104726    
    812              1        7104727    
    813              1        7104728    
    814              1        7104729    
    815              1        7104730    
    816              1        7104731    
    817              1        7104732    
    818              1        7104733    
    819              1        7104734    
    820              1        7104735    
    821              1        7104736    
    822              1        7104737    
    823              1        7104738    
    824              1        7104739    
    825              1        7104740    
    826              1        7104741    
    827              1        7104742    
    828              1        7104743    
    829              1        7104744    
    830              1        7104745    
    831              1        7104746    
    832              1        7104747    
    833              1        7104748    
    834              1        7104749    
    835              1        7104750    
    836              1        7104751    
    837              1        7104752    
    838              1        7104753    
    839              1        7104754    
    840              1        7104755    
    841              1        7104756    
    842              1        7104757    
    843              1        7104758    
    844              1        7104759    
    845              1        7104760    
    846              1        7104761    
    847              1        7104762    
    848              1        7104763    
    849              1        7104764    
    850              1        7104765    
    851              1        7104766    
    852              1        7104767    
    853              1        7104768    
    854              1        7104769    
    855              1        7104770    
    856              1        7104771    
    857              1        7104772    
    858              1        7104773    
    859              1        7104774    
    860              1        7104775    
    861              1        7104776    
    862              1        7104777    
    863              1        7104778    
    864              1        7104779    
    865              1        7104780    
    866              1        7104781    
    867              1        7104782    
    868              1        7104783    
    869             14        7104797    
    870            102        7104899    
    871         613992        7718891    Control-OriginalPage
    872              1        7718892    
    873              1        7718893    
    874              1        7718894    
    875              8        7718902    
    876              8        7718910    
    877              8        7718918    
    878              8        7718926    
    879              1        7718927    
    880              1        7718928    
    881              1        7718929    
    882              1        7718930    
    883              1        7718931    
    884              1        7718932    
    885              1        7718933    
    886              1        7718934    
    887              1        7718935    
    888              1        7718936    
    889              1        7718937    
    890              1        7718938    
    891              1        7718939    
    892              1        7718940    
    893              1        7718941    
    894              8        7718949    
    895              1        7718950    
    896              1        7718951    
    897              1        7718952    
    898              1        7718953    
    899              1        7718954    
    900              1        7718955    
    901              1        7718956    
    902              1        7718957    
    903              1        7718958    
    904              8        7718966    
    905              1        7718967    
    906              1        7718968    
    907              1        7718969    
    908              1        7718970    
    909              1        7718971    
    910              1        7718972    
    911              1        7718973    
    912              1        7718974    
    913              1        7718975    
    914              1        7718976    
    915              1        7718977    
    916              1        7718978    
    917              1        7718979    
    918              1        7718980    
    919              1        7718981    
    920              1        7718982    
    921              1        7718983    
    922              1        7718984    
    923              1        7718985    
    924              1        7718986    
    925              1        7718987    
    926              1        7718988    
    927              1        7718989    
    928              1        7718990    
    929              1        7718991    
    930              1        7718992    
    931              1        7718993    
    932              1        7718994    
    933              1        7718995    
    934              1        7718996    
    935              1        7718997    
    936              1        7718998    
    937              1        7718999    
    938              1        7719000    
    939              1        7719001    
    940              1        7719002    
    941              1        7719003    
    942              1        7719004    
    943              1        7719005    
    944              1        7719006    
    945              1        7719007    
    946              1        7719008    
    947              1        7719009    
    948              1        7719010    
    949              1        7719011    
    950              1        7719012    
    951              1        7719013    
    952              1        7719014    
    953              1        7719015    
    954              1        7719016    
    955              1        7719017    
    956              1        7719018    
    957              1        7719019    
    958              1        7719020    
    959              1        7719021    
    960              1        7719022    
    961              1        7719023    
    962              1        7719024    
    963              1        7719025    
    964              1        7719026    
    965              1        7719027    
    966              1        7719028    
    967              1        7719029    
    968              1        7719030    
    969             14        7719044    
    970             72        7719116    

Scene                        Shape Bytes    Text Bytes    ActionScript Bytes
-------------------------    -----------    ----------    ------------------
Main Intro                             0             0                    76
Home                                   0             0                    26
Outside                               37           425                     6
Hours                                  0          1347                    16
About                                  0          3426                    16
Vendors                                0          1639                     6
Contact                               36           744                     6
Directions                             0          1681                     6
Control-OriginalPage                   0           267                     6

Symbol                       Shape Bytes    Text Bytes    ActionScript Bytes
-------------------------    -----------    ----------    ------------------
Tween 22                               0             0                     0
Tween 21                               0             0                     0
Tween 20                               0             0                     0
Opening Pic                            0             0                     0
Tween 19                               0             0                     0
Tween 18                               0             0                     0
Tween 17                               0             0                     0
Tween 16                               0             0                     0
Symbol 1                              36           266                     0
Out-weekDAY                            0           279                     0
Out-Street                             0             0                     0
Weekend                                0           265                     0
Out-Parking                            0           185                     0
Out-Building                           0           235                     0
Skip                                  37           198                     0
SmileHome                            144           200                     0
Contact                               36           744                     6
About                                  0          3426                    16
Outside                               37           425                     6
Vendors                                0          1639                     6
Inside                                 0           282                     0
Tween 15                               0             0                     0
Tween 14                               0             0                     0
Tween 13                               0             0                     0
Tween 12                               0             0                     0
Tween 11                               0             0                     0
Tween 10                               0             0                     0
McSmiley-Bal                           0             0                     0
Tween 9                                0           127                     0
Tween 8                                0             0                     0
McBuy                                  0             0                     0
McBG-1                                 0             0                     0
Buy-sell-banner                        0             0                     0
Tween 7                                0             0                     0
Happys1-flea                           0             0                     0
Happys1-HAP                            0             0                     0
McHappy-RED                            0             0                     0
McHappy-YEL                            0             0                     0
Tween 6                                0             0                     0
Tween 5                                0             0                     0
BGFlashRED                            53             0                     0
Tween 4                                0             0                     0
Tween 3                                0             0                     0
Tween 2                                0             0                     0
BGFlashYELLOW                         53             0                     0
Tween 1                                0           132                     0
McBg-01                               51             0                     0
McFrontSide                            0             0                     0

Font Name                 Bytes        Characters    
----------------------    ---------    --------------
Arial Bold Italic              7586     !$'(),-./012345678:@ACDEFGHIKLMNORSTVWabcdefghijklmnopqrstuvwxy½’
Carbon Block Bold Italic       2205     !'ADEFGLMORSTVadegiklnrst
Arial Black Bold Italic        6504     !&'(),-.013568:ACDEFHILMNOPRSTUVWYabcdefghiklmnoprstuvwxy–’

ActionScript Bytes    Location
------------------    --------
                10    Main Intro:Skip:1:No instance name assigned(Skip)
                10    Main Intro:Main Buttons:83:No instance name assigned(Inside)
                10    Main Intro:Main Buttons:83:No instance name assigned(Vendors)
                10    Main Intro:Main Buttons:83:No instance name assigned(Outside)
                10    Main Intro:Main Buttons:83:No instance name assigned(About)
                10    Main Intro:Main Buttons:83:No instance name assigned(Contact)
                10    Main Intro:Main Buttons:83:No instance name assigned(SmileHome)
                 6    Main Intro:Actions:170
                10    Home:Main Buttons:1:No instance name assigned(Inside)
                10    Home:Main Buttons:1:No instance name assigned(Outside)
                 6    Home:Actions:99
                 6    Outside:Actions:99
                10    Hours:Main Buttons:1:No instance name assigned(Vendors)
                 6    Hours:Actions:99
                10    About:text:1:No instance name assigned(Symbol 1)
                 6    About:Actions:99
                 6    Vendors:Actions:99
                 6    Contact:Actions:99
                 6    Directions:Actions:99
                 6    Control-OriginalPage:Actions:99

Bitmap                     Compressed    Compression
-----------------------    ----------  --------  -----------
buy-sell-repeat.png            21890      330408   Lossless
HappyYEL.png                   15070      507104   Lossless
HappyRED.png                   13838      466464   Lossless
Happys1-hap.png                41319      806560   JPEG Quality=80
Happys1-flea.png               13574      189312   Lossless
100_1719.JPG                  527365     7680000   Imported JPEG=102
MenuBar.png                    21746      901000   Lossless
Happys1-buy.png                 8149      109200   Lossless
Smiley-Ball.png                17756      436392   JPEG Quality=80
Face-01.png                     3988       98880   JPEG Quality=80
Face-MAIN.png                   5234      160800   JPEG Quality=80
Face-Blink.png                  2927       99200   JPEG Quality=80
Face-Left.png                   5188      167200   JPEG Quality=80
Face-BigG.png                   5472      133600   JPEG Quality=80
Out-Main.png                   48081     2911248   Lossless
Out-Parking.png                 7719     1701952   Lossless
100_1627.JPG                  546214     7680000   Imported JPEG=102
Out-WeekEND.png                 3660      898800   Lossless
100_0948.jpg                 1098481    15551928   Imported JPEG=102
100_0943.jpg                 2099933    31961088   Imported JPEG=102
Out-Weekday.png                 6157      610984   Lossless
100_1622.JPG                  632036     7680000   Imported JPEG=102
100_1621.JPG                  557051     7680000   Imported JPEG=102
100_0939.jpg                 1344993    16150008   Imported JPEG=102
Out-Building.png               17508      365400   JPEG Quality=80
100_1628.JPG                  613667     7680000   Imported JPEG=102




